4.00000000	0.00000000	0.00000000	0.00000000	0.00000000	0.00000000
0.00000000	0.08000000	0.08000000	0.10000000	0.24000000	0.90000000
1.00000000	0.06000000	0.06000000	0.05000000	0.25000000	0.33000000
2.00000000	0.10000000	0.10000000	0.15000000	0.65000000	0.30000000
1.00000000	0.08000000	0.08000000	0.08000000	0.98000000	0.24000000
2.00000000	0.09000000	0.15000000	0.40000000	0.10000000	0.66000000
2.00000000	0.10000000	0.10000000	0.43000000	0.29000000	0.56000000
4.00000000	0.15000000	0.02000000	0.34000000	0.40000000	0.01000000
1.00000000	0.20000000	0.14000000	0.35000000	0.72000000	0.25000000
0.00000000	0.00000000	0.00000000	0.50000000	0.20000000	0.85000000
0.00000000	0.18000000	0.18000000	0.55000000	0.30000000	0.81000000
1.00000000	0.06000000	0.06000000	0.51000000	0.41000000	0.30000000
2.00000000	0.10000000	0.10000000	0.52000000	0.78000000	0.34000000
0.00000000	0.10000000	0.10000000	0.70000000	0.15000000	0.90000000
2.00000000	0.20000000	0.20000000	0.70000000	0.30000000	0.60000000
0.00000000	0.12000000	0.12000000	0.75000000	0.35000000	0.80000000
4.00000000	0.05000000	0.07000000	0.70000000	0.01000000	0.05000000
1.00000000	0.10000000	0.25000000	0.10000000	0.08000000	0.33000000
1.00000000	0.15000000	0.32000000	0.05000000	0.27000000	0.29000000
2.00000000	0.20000000	0.29000000	0.25000000	0.49000000	0.56000000
1.00000000	0.12000000	0.28000000	0.20000000	0.78000000	0.20000000
2.00000000	0.18000000	0.30000000	0.37000000	0.12000000	0.66000000
2.00000000	0.10000000	0.27000000	0.31000000	0.29000000	0.65000000
1.00000000	0.18000000	0.31000000	0.32000000	0.42000000	0.28000000
1.00000000	0.06000000	0.29000000	0.35000000	0.76000000	0.25000000
0.00000000	0.09000000	0.30000000	0.68000000	0.18000000	0.85000000
4.00000000	0.04000000	0.28000000	0.55000000	0.25000000	0.10000000
1.00000000	0.09000000	0.25500000	0.60000000	0.45000000	0.25000000
0.00000000	0.08000000	0.32500000	0.62000000	0.94000000	0.56000000
0.00000000	0.15000000	0.27500000	0.80000000	0.21000000	0.81000000
2.00000000	0.12000000	0.24500000	0.75000000	0.31000000	0.59000000
1.00000000	0.15000000	0.29500000	0.75000000	0.65000000	0.24000000
1.00000000	0.10000000	0.25600000	0.70000000	0.76000000	0.16000000
0.00000000	0.18000000	0.32000000	0.04000000	0.19000000	0.82000000
0.00000000	0.20000000	0.45000000	0.28000000	0.31000000	0.78000000
1.00000000	0.06000000	0.35000000	0.12000000	0.43000000	0.29000000
1.00000000	0.10000000	0.42000000	0.22000000	0.72000000	0.26000000
1.00000000	0.18000000	0.40000000	0.32000000	0.08000000	0.33000000
4.00000000	0.09000000	0.33000000	0.31000000	0.26000000	0.00000000
2.00000000	0.19000000	0.38000000	0.38000000	0.49000000	0.45000000
1.00000000	0.02000000	0.33000000	0.36000000	0.76000000	0.10000000
0.00000000	0.20000000	0.49000000	0.60000000	0.20000000	0.78000000
2.00000000	0.14000000	0.49000000	0.55000000	0.29000000	0.60000000
2.00000000	0.18000000	0.33000000	0.61000000	0.64000000	0.25000000
4.00000000	0.11500000	0.35000000	0.65000000	0.27000000	0.04000000
2.00000000	0.17000000	0.36000000	0.80000000	0.14000000	0.66000000
2.00000000	0.10000000	0.39000000	0.75000000	0.31000000	0.62000000
0.00000000	0.13000000	0.39000000	0.85000000	0.38000000	0.77000000
0.00000000	0.18000000	0.34000000	0.71000000	0.71000000	0.90000000
2.00000000	0.09000000	0.51000000	0.02000000	0.18000000	0.67000000
1.00000000	0.06000000	0.50000000	0.09000000	0.28000000	0.25000000
2.00000000	0.23000000	0.70000000	0.19000000	0.51000000	0.45000000
1.00000000	0.09000000	0.55000000	0.12000000	0.78000000	0.05000000
0.00000000	0.24000000	0.75000000	0.32000000	0.18000000	0.86000000
2.00000000	0.18000000	0.72000000	0.37000000	0.29000000	0.55000000
1.00000000	0.10000000	0.60000000	0.33000000	0.42000000	0.26000000
2.00000000	0.20000000	0.52000000	0.36000000	0.84000000	0.25000000
2.00000000	0.09000000	0.60000000	0.66000000	0.19000000	0.59000000
0.00000000	0.18000000	0.51000000	0.58000000	0.33000000	0.82000000
1.00000000	0.08000000	0.58000000	0.60000000	0.64000000	0.10000000
1.00000000	0.09000000	0.61000000	0.53000000	0.75000000	0.01000000
2.00000000	0.06000000	0.77000000	0.72000000	0.19000000	0.56000000
2.00000000	0.15000000	0.79000000	0.78000000	0.30000000	0.51000000
1.00000000	0.20000000	0.68000000	0.73000000	0.48000000	0.28000000
2.00000000	0.24000000	0.58000000	0.76000000	0.80000000	0.28000000
4.00000000	0.25000000	0.10000000	0.03000000	0.09000000	0.15000000
4.00000000	0.32000000	0.20000000	0.06000000	0.26000000	0.24000000
2.00000000	0.29000000	0.06000000	0.19000000	0.55000000	0.51000000
1.00000000	0.28000000	0.10000000	0.12000000	0.28000000	0.32000000
2.00000000	0.30000000	0.08000000	0.40000000	0.02000000	0.67000000
2.00000000	0.27000000	0.12000000	0.37000000	0.29000000	0.58000000
0.00000000	0.31000000	0.10000000	0.41000000	0.42000000	0.75000000
4.00000000	0.29000000	0.15000000	0.33000000	0.66000000	0.08000000
2.00000000	0.30000000	0.20000000	0.52000000	0.30000000	0.53000000
0.00000000	0.28000000	0.16000000	0.69000000	0.33000000	0.78000000
4.00000000	0.25500000	0.18000000	0.50000000	0.40000000	0.10000000
1.00000000	0.26500000	0.06000000	0.57000000	0.75000000	0.10000000
1.00000000	0.27500000	0.10000000	0.72000000	0.10000000	0.30000000
4.00000000	0.24500000	0.10000000	0.71000000	0.26000000	0.20000000
1.00000000	0.29500000	0.20000000	0.86000000	0.44000000	0.28000000
1.00000000	0.32000000	0.12000000	0.79000000	0.76000000	0.24000000
2.00000000	0.29500000	0.25000000	0.26000000	0.12000000	0.67000000
2.00000000	0.31500000	0.32000000	0.29000000	0.29000000	0.62000000
1.00000000	0.25000000	0.29000000	0.15000000	0.48000000	0.26000000
1.00000000	0.27000000	0.10000000	0.10000000	0.70000000	0.25000000
4.00000000	0.24800000	0.30000000	0.31000000	0.20000000	0.03000000
0.00000000	0.32500000	0.25000000	0.38000000	0.31000000	0.79000000
1.00000000	0.27000000	0.31000000	0.32000000	0.41000000	0.28000000
1.00000000	0.29000000	0.29000000	0.40000000	0.78000000	0.18000000
2.00000000	0.29000000	0.30000000	0.52000000	0.09000000	0.67000000
2.00000000	0.25800000	0.28000000	0.64000000	0.29000000	0.56000000
2.00000000	0.32000000	0.25500000	0.55000000	0.78000000	0.34000000
4.00000000	0.25100000	0.26500000	0.57000000	0.60000000	0.09000000
1.00000000	0.28800000	0.31000000	0.79000000	0.23000000	0.24000000
0.00000000	0.32300000	0.32000000	0.89000000	0.32000000	0.80000000
1.00000000	0.25500000	0.30500000	0.86000000	0.62000000	0.15000000
1.00000000	0.29500000	0.25000000	0.73000000	0.77000000	0.19000000
0.00000000	0.25800000	0.25000000	0.29500000	0.33000000	0.77000000
2.00000000	0.29000000	0.25000000	0.29000000	0.29000000	0.57000000
1.00000000	0.24300000	0.27000000	0.08000000	0.42000000	0.29000000
1.00000000	0.27000000	0.28000000	0.18000000	0.48000000	0.26000000
0.00000000	0.29900000	0.32000000	0.31000000	0.33000000	0.87000000
2.00000000	0.30000000	0.27000000	0.31000000	0.31000000	0.54000000
1.00000000	0.24500000	0.26000000	0.38000000	0.49000000	0.27000000
1.00000000	0.29500000	0.29000000	0.31000000	0.76000000	0.10000000
2.00000000	0.29000000	0.30000000	0.56000000	0.25000000	0.67000000
2.00000000	0.26000000	0.28000000	0.60000000	0.29000000	0.59000000
2.00000000	0.30500000	0.25500000	0.63000000	0.40000000	0.54000000
2.00000000	0.32000000	0.27000000	0.52000000	0.81000000	0.30000000
0.00000000	0.29900000	0.29500000	0.80000000	0.37000000	0.84000000
1.00000000	0.27600000	0.25500000	0.81000000	0.27000000	0.33000000
1.00000000	0.25800000	0.31000000	0.88000000	0.40000000	0.30000000
0.00000000	0.32000000	0.28000000	0.72000000	0.89000000	0.58000000
0.00000000	0.32900000	0.55000000	0.02000000	0.40000000	0.79000000
2.00000000	0.29500000	0.59000000	0.29000000	0.31000000	0.55000000
2.00000000	0.28500000	0.64000000	0.18000000	0.61000000	0.45000000
4.00000000	0.26500000	0.60000000	0.28000000	0.66000000	0.07000000
0.00000000	0.31500000	0.69000000	0.28000000	0.80000000	0.70000000
2.00000000	0.28000000	0.78000000	0.44000000	0.17000000	0.66000000
0.00000000	0.32500000	0.61000000	0.46000000	0.32000000	0.81000000
1.00000000	0.28000000	0.65000000	0.40000000	0.65000000	0.13000000
1.00000000	0.25500000	0.75000000	0.35000000	0.72000000	0.25000000
1.00000000	0.30500000	0.55000000	0.50000000	0.11000000	0.33300000
2.00000000	0.30000000	0.85000000	0.54000000	0.25000000	0.83000000
0.00000000	0.32500000	0.90000000	0.52000000	0.49000000	0.76000000
0.00000000	0.31200000	0.80000000	0.67000000	0.92000000	0.50000000
0.00000000	0.29900000	0.70000000	0.95000000	0.22000000	0.66000000
1.00000000	0.26500000	0.76000000	0.80000000	0.28000000	0.28000000
1.00000000	0.25500000	0.72000000	0.72000000	0.63000000	0.14000000
2.00000000	0.29500000	0.60000000	0.72000000	0.88000000	0.28000000
1.00000000	0.39000000	0.05000000	0.02000000	0.06000000	0.34000000
2.00000000	0.40000000	0.18000000	0.26000000	0.26000000	0.67000000
4.00000000	0.45000000	0.04000000	0.18000000	0.55000000	0.07000000
0.00000000	0.48000000	0.12000000	0.28000000	0.70000000	0.71000000
2.00000000	0.40000000	0.12000000	0.41000000	0.10000000	0.65000000
2.00000000	0.41000000	0.18000000	0.33000000	0.31000000	0.50000000
1.00000000	0.38000000	0.10000000	0.40000000	0.48000000	0.26000000
1.00000000	0.37000000	0.06000000	0.32000000	0.78000000	0.10000000
2.00000000	0.41000000	0.09000000	0.58000000	0.18000000	0.58000000
1.00000000	0.38000000	0.01000000	0.53000000	0.27000000	0.30000000
4.00000000	0.33000000	0.04000000	0.50000000	0.55000000	0.10000000
2.00000000	0.42000000	0.15000000	0.66000000	0.78000000	0.40000000
2.00000000	0.44000000	0.08000000	0.80000000	0.22000000	0.56000000
1.00000000	0.39000000	0.15000000	0.81000000	0.22000000	0.29000000
2.00000000	0.42000000	0.21000000	0.87000000	0.56000000	0.48000000
0.00000000	0.46000000	0.20000000	0.76000000	0.95000000	0.65000000
1.00000000	0.36500000	0.24300000	0.19000000	0.24000000	0.35000000
4.00000000	0.33000000	0.27000000	0.20000000	0.33000000	0.10000000
1.00000000	0.34500000	0.29900000	0.10000000	0.64000000	0.13000000
0.00000000	0.48000000	0.30000000	0.15000000	0.65000000	0.77000000
0.00000000	0.49000000	0.24500000	0.38000000	0.14000000	0.86000000
1.00000000	0.33400000	0.29500000	0.33000000	0.32000000	0.30000000
4.00000000	0.36000000	0.29000000	0.37000000	0.48000000	0.13000000
1.00000000	0.39000000	0.26000000	0.39000000	0.77000000	0.14000000
2.00000000	0.43000000	0.30500000	0.51000000	0.09000000	0.64000000
2.00000000	0.44000000	0.32000000	0.55000000	0.33000000	0.52000000
2.00000000	0.45000000	0.29900000	0.63000000	0.36000000	0.51000000
0.00000000	0.49500000	0.27600000	0.58000000	0.77000000	0.83000000
2.00000000	0.46500000	0.25800000	0.73000000	0.18000000	0.59000000
2.00000000	0.47500000	0.32000000	0.79000000	0.31000000	0.54000000
1.00000000	0.34800000	0.32900000	0.83000000	0.61000000	0.18000000
2.00000000	0.38500000	0.26000000	0.76000000	0.84000000	0.30000000
0.00000000	0.44500000	0.39000000	0.02000000	0.24000000	0.88000000
0.00000000	0.43000000	0.45000000	0.27000000	0.27000000	0.89000000
4.00000000	0.33000000	0.34000000	0.10000000	0.49000000	0.12000000
0.00000000	0.40000000	0.33000000	0.12000000	0.30000000	0.90000000
2.00000000	0.34000000	0.40000000	0.38000000	0.20000000	0.61000000
0.00000000	0.38000000	0.36000000	0.46000000	0.49000000	0.78000000
1.00000000	0.35000000	0.38000000	0.32000000	0.60000000	0.16000000
0.00000000	0.41000000	0.49000000	0.34000000	0.21000000	0.92000000
1.00000000	0.42000000	0.36000000	0.63000000	0.04000000	0.25000000
2.00000000	0.43000000	0.38000000	0.62000000	0.33000000	0.49000000
0.00000000	0.44000000	0.33000000	0.59000000	0.53000000	0.85000000
1.00000000	0.40000000	0.42000000	0.58000000	0.75000000	0.16000000
2.00000000	0.46000000	0.44000000	0.89000000	0.12000000	0.66000000
1.00000000	0.38000000	0.39000000	0.79000000	0.33000000	0.30000000
1.00000000	0.39000000	0.42000000	0.83000000	0.65000000	0.19000000
0.00000000	0.49000000	0.34000000	0.88000000	0.75000000	0.71000000
2.00000000	0.46000000	0.64000000	0.22000000	0.22000000	0.60000000
0.00000000	0.44000000	0.55000000	0.11000000	0.26000000	0.83000000
1.00000000	0.36500000	0.68000000	0.10000000	0.63000000	0.18000000
0.00000000	0.45000000	0.65000000	0.19000000	0.99000000	0.55000000
0.00000000	0.46000000	0.78000000	0.38000000	0.24000000	0.89000000
1.00000000	0.37000000	0.55000000	0.41000000	0.29000000	0.30000000
1.00000000	0.38000000	0.59000000	0.31000000	0.62000000	0.20000000
1.00000000	0.49000000	0.64000000	0.34000000	0.78000000	0.21000000
0.00000000	0.49500000	0.82000000	0.67000000	0.01000000	0.93000000
2.00000000	0.44000000	0.69000000	0.61000000	0.29000000	0.57000000
1.00000000	0.36500000	0.57000000	0.59000000	0.55000000	0.25000000
0.00000000	0.49000000	0.90000000	0.52000000	0.90000000	0.47000000
2.00000000	0.44500000	0.70000000	0.82000000	0.16000000	0.64000000
0.00000000	0.42000000	0.70000000	0.72000000	0.30000000	0.80000000
2.00000000	0.37000000	0.60000000	0.77000000	0.40000000	0.50000000
0.00000000	0.40000000	0.61000000	0.71000000	0.88000000	0.67000000
2.00000000	0.60000000	0.14000000	0.22000000	0.11000000	0.66000000
1.00000000	0.55000000	0.10000000	0.27000000	0.25000000	0.29000000
4.00000000	0.68000000	0.19000000	0.19000000	0.48000000	0.10000000
1.00000000	0.73000000	0.20000000	0.07000000	0.72000000	0.26000000
2.00000000	0.78000000	0.15000000	0.38000000	0.18000000	0.63000000
4.00000000	0.55000000	0.10000000	0.34000000	0.30000000	0.10000000
4.00000000	0.59000000	0.18000000	0.31000000	0.55000000	0.09000000
2.00000000	0.64000000	0.09000000	0.33000000	0.65000000	0.50000000
4.00000000	0.60000000	0.19000000	0.55000000	0.08000000	0.10000000
1.00000000	0.69000000	0.02000000	0.62000000	0.30000000	0.29000000
0.00000000	0.78000000	0.21000000	0.68000000	0.65000000	0.75000000
1.00000000	0.62000000	0.14000000	0.52000000	0.81000000	0.15000000
2.00000000	0.70000000	0.18000000	0.88000000	0.09000000	0.66000000
2.00000000	0.75000000	0.01500000	0.78000000	0.31000000	0.53000000
4.00000000	0.55000000	0.17000000	0.71000000	0.48000000	0.11000000
0.00000000	0.85000000	0.05000000	0.91000000	0.80000000	0.68000000
2.00000000	0.78000000	0.27000000	0.13000000	0.14000000	0.62000000
2.00000000	0.80000000	0.29000000	0.06000000	0.31000000	0.51000000
0.00000000	0.90000000	0.26000000	0.19000000	0.58000000	0.79000000
2.00000000	0.76000000	0.25800000	0.07000000	0.83000000	0.34000000
2.00000000	0.72000000	0.32000000	0.48000000	0.20000000	0.60000000
1.00000000	0.60000000	0.25100000	0.39000000	0.29000000	0.30000000
1.00000000	0.52000000	0.28800000	0.32000000	0.50000000	0.30000000
0.00000000	0.60000000	0.31000000	0.31000000	0.87000000	0.58000000
2.00000000	0.51000000	0.25500000	0.55000000	0.17000000	0.64000000
1.00000000	0.58000000	0.29500000	0.62000000	0.28000000	0.30000000
1.00000000	0.61000000	0.25800000	0.56000000	0.62000000	0.24000000
2.00000000	0.77000000	0.26700000	0.59000000	0.78000000	0.28000000
2.00000000	0.79000000	0.28000000	0.88000000	0.20000000	0.66000000
2.00000000	0.68000000	0.27000000	0.78000000	0.31000000	0.57000000
1.00000000	0.58000000	0.29900000	0.73000000	0.63000000	0.21000000
0.00000000	0.77000000	0.29000000	0.74000000	0.82000000	0.68000000
2.00000000	0.71000000	0.47500000	0.13000000	0.23000000	0.59000000
1.00000000	0.58000000	0.34800000	0.06000000	0.29000000	0.31000000
0.00000000	0.88000000	0.33500000	0.19000000	0.55000000	0.78000000
0.00000000	0.99000000	0.49000000	0.07000000	0.70000000	0.69000000
2.00000000	0.73000000	0.43000000	0.32000000	0.12000000	0.65000000
1.00000000	0.61000000	0.33000000	0.36000000	0.28000000	0.28000000
1.00000000	0.51000000	0.40000000	0.40000000	0.59000000	0.23000000
0.00000000	0.83000000	0.44000000	0.49000000	0.91000000	0.66000000
2.00000000	0.66000000	0.38000000	0.55000000	0.15000000	0.62000000
1.00000000	0.58000000	0.35000000	0.51000000	0.27000000	0.30000000
1.00000000	0.52300000	0.41000000	0.55000000	0.60000000	0.22000000
0.00000000	0.66000000	0.36000000	0.56000000	0.40000000	0.83000000
2.00000000	0.62000000	0.37000000	0.81000000	0.13000000	0.64000000
2.00000000	0.52000000	0.44000000	0.82000000	0.30000000	0.52000000
1.00000000	0.50000000	0.40000000	0.73000000	0.62000000	0.20000000
0.00000000	0.71000000	0.46000000	0.95000000	0.78000000	0.86000000
2.00000000	0.64000000	0.55000000	0.15000000	0.18000000	0.63000000
1.00000000	0.52000000	0.85000000	0.06000000	0.27000000	0.25000000
2.00000000	0.62000000	0.62000000	0.24000000	0.65000000	0.25000000
0.00000000	0.91000000	0.58000000	0.26000000	0.89000000	0.88000000
2.00000000	0.62000000	0.67000000	0.39000000	0.10000000	0.66000000
1.00000000	0.58000000	0.58000000	0.31000000	0.29000000	0.29000000
0.00000000	0.89000000	0.68000000	0.49000000	0.65000000	0.90000000
2.00000000	0.72000000	0.60000000	0.45000000	0.79000000	0.45000000
2.00000000	0.68000000	0.63000000	0.65000000	0.09000000	0.66000000
2.00000000	0.56000000	0.60000000	0.60000000	0.31000000	0.50000000
1.00000000	0.54000000	0.51000000	0.55000000	0.64000000	0.19000000
0.00000000	0.61000000	0.78000000	0.69000000	0.92000000	0.58000000
2.00000000	0.78000000	0.61000000	0.71000000	0.19000000	0.60000000
0.00000000	0.54000000	0.82000000	0.71000000	0.29000000	0.77000000
2.00000000	0.50000000	0.75000000	0.81000000	0.61000000	0.26000000
0.00000000	0.66000000	0.90000000	0.76000000	0.87000000	0.74000000
3.00000000	0.00000000	0.10000000	0.50000000	0.26000000	0.05000000
1.00000000	0.05000000	0.05000000	0.55000000	0.60000000	0.14000000
0.00000000	0.08000000	0.18000000	0.63000000	0.60000000	0.85000000
0.00000000	0.20000000	0.20000000	0.68000000	0.67000000	0.85000000
0.00000000	0.22000000	0.22000000	0.90000000	0.30000000	0.90000000
1.00000000	0.14000000	0.14000000	0.70000000	0.50000000	0.30000000
2.00000000	0.16000000	0.16000000	0.80000000	0.50000000	0.50000000
1.00000000	0.12000000	0.12000000	0.75000000	0.68000000	0.15000000
0.00000000	0.20000000	0.20000000	0.88000000	0.77000000	0.80000000
3.00000000	0.16000000	0.25000000	0.01000000	0.10000000	0.07000000
2.00000000	0.11000000	0.29000000	0.20000000	0.05000000	0.66000000
3.00000000	0.18000000	0.26000000	0.05000000	0.40000000	0.04000000
0.00000000	0.21000000	0.32000000	0.25000000	0.50000000	0.80000000
2.00000000	0.13000000	0.28000000	0.18000000	0.75000000	0.32000000
0.00000000	0.23000000	0.29000000	0.45000000	0.18000000	0.88000000
3.00000000	0.10000000	0.27000000	0.35000000	0.45000000	0.05000000
0.00000000	0.22000000	0.31000000	0.42000000	0.88000000	0.80000000
3.00000000	0.00000000	0.25000000	0.50000000	0.09000000	0.07000000
1.00000000	0.05000000	0.29000000	0.58000000	0.14000000	0.32000000
2.00000000	0.10000000	0.30000000	0.58000000	0.28000000	0.55000000
0.00000000	0.20000000	0.32000000	0.65000000	0.31000000	0.89000000
1.00000000	0.19000000	0.28000000	0.57000000	0.58000000	0.17000000
1.00000000	0.11000000	0.26000000	0.56000000	0.68000000	0.27000000
1.00000000	0.12000000	0.28000000	0.70000000	0.16000000	0.32000000
2.00000000	0.18000000	0.29000000	0.78000000	0.15000000	0.61000000
3.00000000	0.20000000	0.25000000	0.70000000	0.25000000	0.03000000
1.00000000	0.16000000	0.28000000	0.72000000	0.27000000	0.32000000
2.00000000	0.11000000	0.30000000	0.79000000	0.80000000	0.32000000
2.00000000	0.18000000	0.31000000	0.81000000	0.70000000	0.40000000
3.00000000	0.10000000	0.33000000	0.02000000	0.00000000	0.25000000
1.00000000	0.18000000	0.37000000	0.11000000	0.28000000	0.30000000
1.00000000	0.13000000	0.40000000	0.17000000	0.25000000	0.38000000
2.00000000	0.11000000	0.42000000	0.38000000	0.82000000	0.31000000
0.00000000	0.22000000	0.48000000	0.47000000	0.78000000	0.81000000
1.00000000	0.14000000	0.38000000	0.59000000	0.11000000	0.32000000
2.00000000	0.15000000	0.42000000	0.60000000	0.15000000	0.62000000
1.00000000	0.09000000	0.38000000	0.54000000	0.69000000	0.21000000
0.00000000	0.20000000	0.49000000	0.68000000	0.76000000	0.78000000
2.00000000	0.12000000	0.62000000	0.21000000	0.30000000	0.59000000
2.00000000	0.14000000	0.65000000	0.19000000	0.26000000	0.66000000
3.00000000	0.16000000	0.51000000	0.09000000	0.38000000	0.10000000
1.00000000	0.12000000	0.56000000	0.13000000	0.48000000	0.32000000
0.00000000	0.20000000	0.85000000	0.24000000	0.79000000	0.85000000
3.00000000	0.16000000	0.52000000	0.30000000	0.09000000	0.11000000
0.00000000	0.21000000	0.78000000	0.42000000	0.32000000	0.84000000
3.00000000	0.08000000	0.56000000	0.33000000	0.40000000	0.10000000
2.00000000	0.14000000	0.61000000	0.39000000	0.56000000	0.56000000
2.00000000	0.18000000	0.70000000	0.41000000	0.67000000	0.33000000
0.00000000	0.22000000	0.80000000	0.44000000	0.78000000	0.88000000
3.00000000	0.10000000	0.60000000	0.51000000	0.10000000	0.01000000
2.00000000	0.15000000	0.67000000	0.56000000	0.07000000	0.66000000
3.00000000	0.00000000	0.62000000	0.52000000	0.26000000	0.07000000
0.00000000	0.11000000	0.88000000	0.67000000	0.66000000	0.89000000
3.00000000	0.08000000	0.56000000	0.70000000	0.14000000	0.10000000
0.00000000	0.21000000	0.90000000	0.90000000	0.22000000	0.92000000
3.00000000	0.08000000	0.58000000	0.71000000	0.27000000	0.09000000
1.00000000	0.13000000	0.62000000	0.77000000	0.28000000	0.31000000
0.00000000	0.21000000	0.88000000	0.87000000	0.56000000	0.95000000
0.00000000	0.22000000	0.86000000	0.83000000	0.89000000	0.65000000
0.00000000	0.20000000	0.78000000	0.91000000	0.82000000	0.85000000
1.00000000	0.25000000	0.00000000	0.10000000	0.12000000	0.37000000
2.00000000	0.29000000	0.10000000	0.17000000	0.74000000	0.52000000
0.00000000	0.30000000	0.18000000	0.23000000	0.90000000	0.84000000
1.00000000	0.32000000	0.02000000	0.34000000	0.13000000	0.31000000
2.00000000	0.28000000	0.12000000	0.38000000	0.17000000	0.60000000
1.00000000	0.26000000	0.09000000	0.33000000	0.28000000	0.32000000
2.00000000	0.28000000	0.16000000	0.41000000	0.51000000	0.56000000
1.00000000	0.26000000	0.12000000	0.34000000	0.68000000	0.29000000
0.00000000	0.31000000	0.20000000	0.46000000	0.78000000	0.83000000
3.00000000	0.25000000	0.05000000	0.53000000	0.10000000	0.12000000
0.00000000	0.32000000	0.15000000	0.66000000	0.24000000	0.82000000
3.00000000	0.28000000	0.08000000	0.52000000	0.25000000	0.08000000
0.00000000	0.33000000	0.20000000	0.64000000	0.59000000	0.94000000
2.00000000	0.31000000	0.15000000	0.58000000	0.76000000	0.52000000
1.00000000	0.28000000	0.06000000	0.70000000	0.27000000	0.32000000
0.00000000	0.30000000	0.16000000	0.89000000	0.32000000	0.95000000
1.00000000	0.27000000	0.03000000	0.76000000	0.59000000	0.23000000
0.00000000	0.32000000	0.20000000	0.84000000	0.81000000	0.80000000
0.00000000	0.31000000	0.32000000	0.29000000	0.31000000	0.96000000
2.00000000	0.28000000	0.29000000	0.19000000	0.37000000	0.58000000
0.00000000	0.32000000	0.31000000	0.26000000	0.83000000	0.77000000
3.00000000	0.25000000	0.28000000	0.30000000	0.00100000	0.25000000
3.00000000	0.26000000	0.26000000	0.31000000	0.26000000	0.13000000
1.00000000	0.27000000	0.29000000	0.34000000	0.28000000	0.32000000
2.00000000	0.28000000	0.28000000	0.38000000	0.29000000	0.62000000
1.00000000	0.26000000	0.26000000	0.35000000	0.62000000	0.24000000
0.00000000	0.30000000	0.32000000	0.43000000	0.87000000	0.83000000
3.00000000	0.25000000	0.26000000	0.51000000	0.04000000	0.13000000
1.00000000	0.28000000	0.27000000	0.56000000	0.14000000	0.31000000
0.00000000	0.31000000	0.32000000	0.69000000	0.30000000	0.98000000
1.00000000	0.28000000	0.29000000	0.57000000	0.60000000	0.27000000
2.00000000	0.27000000	0.28000000	0.59000000	0.69000000	0.26000000
1.00000000	0.25000000	0.28000000	0.77000000	0.11000000	0.31000000
3.00000000	0.25000000	0.54000000	0.31000000	0.25000000	0.08000000
1.00000000	0.29000000	0.66000000	0.35000000	0.28000000	0.31000000
2.00000000	0.29000000	0.74000000	0.39000000	0.41000000	0.54000000
0.00000000	0.31000000	0.82000000	0.47000000	0.40000000	0.99000000
1.00000000	0.28000000	0.55000000	0.38000000	0.90000000	0.22000000
3.00000000	0.33000000	0.04000000	0.02000000	0.12000000	0.11000000
1.00000000	0.37000000	0.09000000	0.10000000	0.13000000	0.32000000
2.00000000	0.40000000	0.15000000	0.16000000	0.30000000	0.58000000
1.00000000	0.37000000	0.07000000	0.10000000	0.41000000	0.30000000
2.00000000	0.41000000	0.11000000	0.21000000	0.44000000	0.57000000
2.00000000	0.42000000	0.13000000	0.15000000	0.94000000	0.30000000
3.00000000	0.41000000	0.04000000	0.33000000	0.26000000	0.12000000
1.00000000	0.38000000	0.09000000	0.37000000	0.28000000	0.32000000
2.00000000	0.42000000	0.29000000	0.14000000	0.03000000	0.68000000
2.00000000	0.40000000	0.30000000	0.18000000	0.29000000	0.59000000
1.00000000	0.38000000	0.33000000	0.10000000	0.07000000	0.40000000
0.00000000	0.47000000	0.47000000	0.25000000	0.96000000	0.61000000
1.00000000	0.41000000	0.37000000	0.79000000	0.12000000	0.32000000
1.00000000	0.42000000	0.39000000	0.78000000	0.32000000	0.20000000
3.00000000	0.36000000	0.52000000	0.07000000	0.10000000	0.15000000
2.00000000	0.40000000	0.59000000	0.77000000	0.99000000	0.24000000
2.00000000	0.43000000	0.65000000	0.76000000	0.94000000	0.29000000
1.00000000	0.60000000	0.08000000	0.13000000	0.14000000	0.32000000
0.00000000	0.80000000	0.24000000	0.23000000	0.29000000	0.98000000
1.00000000	0.65000000	0.09000000	0.16000000	0.49000000	0.31000000
2.00000000	0.68000000	0.16000000	0.20000000	0.59000000	0.60000000
0.00000000	0.75000000	0.22000000	0.24000000	0.96000000	0.62000000
0.00000000	0.87000000	0.23000000	0.25000000	0.85000000	0.80000000
3.00000000	0.52000000	0.08000000	0.33000000	0.07000000	0.09000000
1.00000000	0.62000000	0.12000000	0.36000000	0.36000000	0.32000000
2.00000000	0.68000000	0.15000000	0.58000000	0.35000000	0.60000000
3.00000000	0.54000000	0.25000000	0.07000000	0.09000000	0.11000000
0.00000000	0.90000000	0.31000000	0.24000000	0.30000000	0.97000000
1.00000000	0.56000000	0.27000000	0.11000000	0.59000000	0.22000000
0.00000000	0.85000000	0.32000000	0.22000000	0.87000000	0.79000000
3.00000000	0.52000000	0.28000000	0.32000000	0.10000000	0.10000000
0.00000000	0.78000000	0.47000000	0.24000000	0.30000000	0.93000000
1.00000000	0.56000000	0.35000000	0.10000000	0.62000000	0.23000000
1.00000000	0.61000000	0.38000000	0.09000000	0.38000000	0.30000000
0.00000000	0.78000000	0.47000000	0.29000000	0.98000000	0.59000000
1.00000000	0.58000000	0.40000000	0.32000000	0.22000000	0.24000000
2.00000000	0.68000000	0.43000000	0.60000000	0.47000000	0.55000000
1.00000000	0.57000000	0.37000000	0.75000000	0.27000000	0.32000000
1.00000000	0.62000000	0.56000000	0.11000000	0.24000000	0.22000000
1.00000000	0.64000000	0.58000000	0.14000000	0.32000000	0.21000000
1.00000000	0.64000000	0.59000000	0.12000000	0.58000000	0.24000000
1.00000000	0.68000000	0.61000000	0.34000000	0.31000000	0.23000000
0.00000000	0.90000000	0.78000000	0.62000000	0.32000000	0.89000000
0.00000000	0.85000000	0.82000000	0.66000000	0.83000000	0.83000000
1.00000000	0.56000000	0.60000000	0.77000000	0.13000000	0.32000000
2.00000000	0.66000000	0.68000000	0.81000000	0.57000000	0.57000000
2.00000000	0.68000000	0.64000000	0.79000000	0.97000000	0.24000000
