0.00000000	107.00000000	10.10000000	2.20000000	0.90000000	2.70000000
0.00000000	113.00000000	9.90000000	3.10000000	2.00000000	5.90000000
0.00000000	127.00000000	12.90000000	2.40000000	1.40000000	0.60000000
0.00000000	109.00000000	5.30000000	1.60000000	1.40000000	1.50000000
0.00000000	105.00000000	7.30000000	1.50000000	1.50000000	-0.10000000
0.00000000	105.00000000	6.10000000	2.10000000	1.40000000	7.00000000
0.00000000	110.00000000	10.40000000	1.60000000	1.60000000	2.70000000
0.00000000	114.00000000	9.90000000	2.40000000	1.50000000	5.70000000
0.00000000	106.00000000	9.40000000	2.20000000	1.50000000	0.00000000
0.00000000	107.00000000	13.00000000	1.10000000	0.90000000	3.10000000
0.00000000	106.00000000	4.20000000	1.20000000	1.60000000	1.40000000
0.00000000	110.00000000	11.30000000	2.30000000	0.90000000	3.30000000
0.00000000	116.00000000	9.20000000	2.70000000	1.00000000	4.20000000
0.00000000	112.00000000	8.10000000	1.90000000	3.70000000	2.00000000
0.00000000	122.00000000	9.70000000	1.60000000	0.90000000	2.20000000
0.00000000	109.00000000	8.40000000	2.10000000	1.10000000	3.60000000
0.00000000	111.00000000	8.40000000	1.50000000	0.80000000	1.20000000
0.00000000	114.00000000	6.70000000	1.50000000	1.00000000	3.50000000
0.00000000	119.00000000	10.60000000	2.10000000	1.30000000	1.10000000
0.00000000	115.00000000	7.10000000	1.30000000	1.30000000	2.00000000
0.00000000	101.00000000	7.80000000	1.20000000	1.00000000	1.70000000
0.00000000	103.00000000	10.10000000	1.30000000	0.70000000	0.10000000
0.00000000	109.00000000	10.40000000	1.90000000	0.40000000	-0.10000000
0.00000000	102.00000000	7.60000000	1.80000000	2.00000000	2.50000000
0.00000000	121.00000000	10.10000000	1.70000000	1.30000000	0.10000000
0.00000000	100.00000000	6.10000000	2.40000000	1.80000000	3.80000000
0.00000000	106.00000000	9.60000000	2.40000000	1.00000000	1.30000000
0.00000000	116.00000000	10.10000000	2.20000000	1.60000000	0.80000000
0.00000000	105.00000000	11.10000000	2.00000000	1.00000000	1.00000000
0.00000000	110.00000000	10.40000000	1.80000000	1.00000000	2.30000000
0.00000000	120.00000000	8.40000000	1.10000000	1.40000000	1.40000000
0.00000000	116.00000000	11.10000000	2.00000000	1.20000000	2.30000000
0.00000000	110.00000000	7.80000000	1.90000000	2.10000000	6.40000000
0.00000000	90.00000000	8.10000000	1.60000000	1.40000000	1.10000000
0.00000000	117.00000000	12.20000000	1.90000000	1.20000000	3.90000000
0.00000000	117.00000000	11.00000000	1.40000000	1.50000000	2.10000000
0.00000000	113.00000000	9.00000000	2.00000000	1.80000000	1.60000000
0.00000000	106.00000000	9.40000000	1.50000000	0.80000000	0.50000000
0.00000000	130.00000000	9.50000000	1.70000000	0.40000000	3.20000000
0.00000000	100.00000000	10.50000000	2.40000000	0.90000000	1.90000000
0.00000000	121.00000000	10.10000000	2.40000000	0.80000000	3.00000000
0.00000000	110.00000000	9.20000000	1.60000000	1.50000000	0.30000000
0.00000000	129.00000000	11.90000000	2.70000000	1.20000000	3.50000000
0.00000000	121.00000000	13.50000000	1.50000000	1.60000000	0.50000000
0.00000000	123.00000000	8.10000000	2.30000000	1.00000000	5.10000000
0.00000000	107.00000000	8.40000000	1.80000000	1.50000000	0.80000000
0.00000000	109.00000000	10.00000000	1.30000000	1.80000000	4.30000000
0.00000000	120.00000000	6.80000000	1.90000000	1.30000000	1.90000000
0.00000000	100.00000000	9.50000000	2.50000000	1.30000000	-0.20000000
0.00000000	118.00000000	8.10000000	1.90000000	1.50000000	13.70000000
0.00000000	100.00000000	11.30000000	2.50000000	0.70000000	-0.30000000
0.00000000	103.00000000	12.20000000	1.20000000	1.30000000	2.70000000
0.00000000	115.00000000	8.10000000	1.70000000	0.60000000	2.20000000
0.00000000	119.00000000	8.00000000	2.00000000	0.60000000	3.20000000
0.00000000	106.00000000	9.40000000	1.70000000	0.90000000	3.10000000
0.00000000	114.00000000	10.90000000	2.10000000	0.30000000	1.40000000
0.00000000	93.00000000	8.90000000	1.50000000	0.80000000	2.70000000
0.00000000	120.00000000	10.40000000	2.10000000	1.10000000	1.80000000
0.00000000	106.00000000	11.30000000	1.80000000	0.90000000	1.00000000
0.00000000	110.00000000	8.70000000	1.90000000	1.60000000	4.40000000
0.00000000	103.00000000	8.10000000	1.40000000	0.50000000	3.80000000
0.00000000	101.00000000	7.10000000	2.20000000	0.80000000	2.20000000
0.00000000	115.00000000	10.40000000	1.80000000	1.60000000	2.00000000
0.00000000	116.00000000	10.00000000	1.70000000	1.50000000	4.30000000
0.00000000	117.00000000	9.20000000	1.90000000	1.50000000	6.80000000
0.00000000	106.00000000	6.70000000	1.50000000	1.20000000	3.90000000
0.00000000	118.00000000	10.50000000	2.10000000	0.70000000	3.50000000
0.00000000	97.00000000	7.80000000	1.30000000	1.20000000	0.90000000
0.00000000	113.00000000	11.10000000	1.70000000	0.80000000	2.30000000
0.00000000	104.00000000	6.30000000	2.00000000	1.20000000	4.00000000
0.00000000	96.00000000	9.40000000	1.50000000	1.00000000	3.10000000
0.00000000	120.00000000	12.40000000	2.40000000	0.80000000	1.90000000
0.00000000	133.00000000	9.70000000	2.90000000	0.80000000	1.90000000
0.00000000	126.00000000	9.40000000	2.30000000	1.00000000	4.00000000
0.00000000	113.00000000	8.50000000	1.80000000	0.80000000	0.50000000
0.00000000	109.00000000	9.70000000	1.40000000	1.10000000	2.10000000
0.00000000	119.00000000	12.90000000	1.50000000	1.30000000	3.60000000
0.00000000	101.00000000	7.10000000	1.60000000	1.50000000	1.60000000
0.00000000	108.00000000	10.40000000	2.10000000	1.30000000	2.40000000
0.00000000	117.00000000	6.70000000	2.20000000	1.80000000	6.70000000
0.00000000	115.00000000	15.30000000	2.30000000	2.00000000	2.00000000
0.00000000	91.00000000	8.00000000	1.70000000	2.10000000	4.60000000
0.00000000	103.00000000	8.50000000	1.80000000	1.90000000	1.10000000
0.00000000	98.00000000	9.10000000	1.40000000	1.90000000	-0.30000000
0.00000000	111.00000000	7.80000000	2.00000000	1.80000000	4.10000000
0.00000000	107.00000000	13.00000000	1.50000000	2.80000000	1.70000000
0.00000000	119.00000000	11.40000000	2.30000000	2.20000000	1.60000000
0.00000000	122.00000000	11.80000000	2.70000000	1.70000000	2.30000000
0.00000000	105.00000000	8.10000000	2.00000000	1.90000000	-0.50000000
0.00000000	109.00000000	7.60000000	1.30000000	2.20000000	1.90000000
0.00000000	105.00000000	9.50000000	1.80000000	1.60000000	3.60000000
0.00000000	112.00000000	5.90000000	1.70000000	2.00000000	1.30000000
0.00000000	112.00000000	9.50000000	2.00000000	1.20000000	0.70000000
0.00000000	98.00000000	8.60000000	1.60000000	1.60000000	6.00000000
0.00000000	109.00000000	12.40000000	2.30000000	1.70000000	0.80000000
0.00000000	114.00000000	9.10000000	2.60000000	1.50000000	1.50000000
0.00000000	114.00000000	11.10000000	2.40000000	2.00000000	-0.30000000
0.00000000	110.00000000	8.40000000	1.40000000	1.00000000	1.90000000
0.00000000	120.00000000	7.10000000	1.20000000	1.50000000	4.30000000
0.00000000	108.00000000	10.90000000	1.20000000	1.90000000	1.00000000
0.00000000	108.00000000	8.70000000	1.20000000	2.20000000	2.50000000
0.00000000	116.00000000	11.90000000	1.80000000	1.90000000	1.50000000
0.00000000	113.00000000	11.50000000	1.50000000	1.90000000	2.90000000
0.00000000	105.00000000	7.00000000	1.50000000	2.70000000	4.30000000
0.00000000	114.00000000	8.40000000	1.60000000	1.60000000	-0.20000000
0.00000000	114.00000000	8.10000000	1.60000000	1.60000000	0.50000000
0.00000000	105.00000000	11.10000000	1.10000000	0.80000000	1.20000000
0.00000000	107.00000000	13.80000000	1.50000000	1.00000000	1.90000000
0.00000000	116.00000000	11.50000000	1.80000000	1.40000000	5.40000000
0.00000000	102.00000000	9.50000000	1.40000000	1.10000000	1.60000000
0.00000000	116.00000000	16.10000000	0.90000000	1.30000000	1.50000000
0.00000000	118.00000000	10.60000000	1.80000000	1.40000000	3.00000000
0.00000000	109.00000000	8.90000000	1.70000000	1.00000000	0.90000000
0.00000000	110.00000000	7.00000000	1.00000000	1.60000000	4.30000000
0.00000000	104.00000000	9.60000000	1.10000000	1.30000000	0.80000000
0.00000000	105.00000000	8.70000000	1.50000000	1.10000000	1.50000000
0.00000000	102.00000000	8.50000000	1.20000000	1.30000000	1.40000000
0.00000000	112.00000000	6.80000000	1.70000000	1.40000000	3.30000000
0.00000000	111.00000000	8.50000000	1.60000000	1.10000000	3.90000000
0.00000000	111.00000000	8.50000000	1.60000000	1.20000000	7.70000000
0.00000000	103.00000000	7.30000000	1.00000000	0.70000000	0.50000000
0.00000000	98.00000000	10.40000000	1.60000000	2.30000000	-0.70000000
0.00000000	117.00000000	7.80000000	2.00000000	1.00000000	3.90000000
0.00000000	111.00000000	9.10000000	1.70000000	1.20000000	4.10000000
0.00000000	101.00000000	6.30000000	1.50000000	0.90000000	2.90000000
0.00000000	106.00000000	8.90000000	0.70000000	1.00000000	2.30000000
0.00000000	102.00000000	8.40000000	1.50000000	0.80000000	2.40000000
0.00000000	115.00000000	10.60000000	0.80000000	2.10000000	4.60000000
0.00000000	130.00000000	10.00000000	1.60000000	0.90000000	4.60000000
0.00000000	101.00000000	6.70000000	1.30000000	1.00000000	5.70000000
0.00000000	110.00000000	6.30000000	1.00000000	0.80000000	1.00000000
0.00000000	103.00000000	9.50000000	2.90000000	1.40000000	-0.10000000
0.00000000	113.00000000	7.80000000	2.00000000	1.10000000	3.00000000
0.00000000	112.00000000	10.60000000	1.60000000	0.90000000	-0.10000000
0.00000000	118.00000000	6.50000000	1.20000000	1.20000000	1.70000000
0.00000000	109.00000000	9.20000000	1.80000000	1.10000000	4.40000000
0.00000000	116.00000000	7.80000000	1.40000000	1.10000000	3.70000000
0.00000000	127.00000000	7.70000000	1.80000000	1.90000000	6.40000000
0.00000000	108.00000000	6.50000000	1.00000000	0.90000000	1.50000000
0.00000000	108.00000000	7.10000000	1.30000000	1.60000000	2.20000000
0.00000000	105.00000000	5.70000000	1.00000000	0.90000000	0.90000000
0.00000000	98.00000000	5.70000000	0.40000000	1.30000000	2.80000000
0.00000000	112.00000000	6.50000000	1.20000000	1.20000000	2.00000000
0.00000000	118.00000000	12.20000000	1.50000000	1.00000000	2.30000000
0.00000000	94.00000000	7.50000000	1.20000000	1.30000000	4.40000000
0.00000000	126.00000000	10.40000000	1.70000000	1.20000000	3.50000000
0.00000000	114.00000000	7.50000000	1.10000000	1.60000000	4.40000000
0.00000000	111.00000000	11.90000000	2.30000000	0.90000000	3.80000000
0.00000000	104.00000000	6.10000000	1.80000000	0.50000000	0.80000000
0.00000000	102.00000000	6.60000000	1.20000000	1.40000000	1.30000000
1.00000000	139.00000000	16.40000000	3.80000000	1.10000000	-0.20000000
1.00000000	111.00000000	16.00000000	2.10000000	0.90000000	-0.10000000
1.00000000	113.00000000	17.20000000	1.80000000	1.00000000	0.00000000
1.00000000	65.00000000	25.30000000	5.80000000	1.30000000	0.20000000
1.00000000	88.00000000	24.10000000	5.50000000	0.80000000	0.10000000
1.00000000	65.00000000	18.20000000	10.00000000	1.30000000	0.10000000
1.00000000	134.00000000	16.40000000	4.80000000	0.60000000	0.10000000
1.00000000	110.00000000	20.30000000	3.70000000	0.60000000	0.20000000
1.00000000	67.00000000	23.30000000	7.40000000	1.80000000	-0.60000000
1.00000000	95.00000000	11.10000000	2.70000000	1.60000000	-0.30000000
1.00000000	89.00000000	14.30000000	4.10000000	0.50000000	0.20000000
1.00000000	89.00000000	23.80000000	5.40000000	0.50000000	0.10000000
1.00000000	88.00000000	12.90000000	2.70000000	0.10000000	0.20000000
1.00000000	105.00000000	17.40000000	1.60000000	0.30000000	0.40000000
1.00000000	89.00000000	20.10000000	7.30000000	1.10000000	-0.20000000
1.00000000	99.00000000	13.00000000	3.60000000	0.70000000	-0.10000000
1.00000000	80.00000000	23.00000000	10.00000000	0.90000000	-0.10000000
1.00000000	89.00000000	21.80000000	7.10000000	0.70000000	-0.10000000
1.00000000	99.00000000	13.00000000	3.10000000	0.50000000	-0.10000000
1.00000000	68.00000000	14.70000000	7.80000000	0.60000000	-0.20000000
1.00000000	97.00000000	14.20000000	3.60000000	1.50000000	0.30000000
1.00000000	84.00000000	21.50000000	2.70000000	1.10000000	-0.60000000
1.00000000	84.00000000	18.50000000	4.40000000	1.10000000	-0.30000000
1.00000000	98.00000000	16.70000000	4.30000000	1.70000000	0.20000000
1.00000000	94.00000000	20.50000000	1.80000000	1.40000000	-0.50000000
1.00000000	99.00000000	17.50000000	1.90000000	1.40000000	0.30000000
1.00000000	76.00000000	25.30000000	4.50000000	1.20000000	-0.10000000
1.00000000	110.00000000	15.20000000	1.90000000	0.70000000	-0.20000000
1.00000000	144.00000000	22.30000000	3.30000000	1.30000000	0.60000000
1.00000000	105.00000000	12.00000000	3.30000000	1.10000000	0.00000000
1.00000000	88.00000000	16.50000000	4.90000000	0.80000000	0.10000000
1.00000000	97.00000000	15.10000000	1.80000000	1.20000000	-0.20000000
1.00000000	106.00000000	13.40000000	3.00000000	1.10000000	0.00000000
1.00000000	79.00000000	19.00000000	5.50000000	0.90000000	0.30000000
1.00000000	92.00000000	11.10000000	2.00000000	0.70000000	-0.20000000
2.00000000	125.00000000	2.30000000	0.90000000	16.50000000	9.50000000
2.00000000	120.00000000	6.80000000	2.10000000	10.40000000	38.60000000
2.00000000	108.00000000	3.50000000	0.60000000	1.70000000	1.40000000
2.00000000	120.00000000	3.00000000	2.50000000	1.20000000	4.50000000
2.00000000	119.00000000	3.80000000	1.10000000	23.00000000	5.70000000
2.00000000	141.00000000	5.60000000	1.80000000	9.20000000	14.40000000
2.00000000	129.00000000	1.50000000	0.60000000	12.50000000	2.90000000
2.00000000	118.00000000	3.60000000	1.50000000	11.60000000	48.80000000
2.00000000	120.00000000	1.90000000	0.70000000	18.50000000	24.00000000
2.00000000	119.00000000	0.80000000	0.70000000	56.40000000	21.60000000
2.00000000	123.00000000	5.60000000	1.10000000	13.70000000	56.30000000
2.00000000	115.00000000	6.30000000	1.20000000	4.70000000	14.40000000
2.00000000	126.00000000	0.50000000	0.20000000	12.20000000	8.80000000
2.00000000	121.00000000	4.70000000	1.80000000	11.20000000	53.00000000
2.00000000	131.00000000	2.70000000	0.80000000	9.90000000	4.70000000
2.00000000	134.00000000	2.00000000	0.50000000	12.20000000	2.20000000
2.00000000	141.00000000	2.50000000	1.30000000	8.50000000	7.50000000
2.00000000	113.00000000	5.10000000	0.70000000	5.80000000	19.60000000
2.00000000	136.00000000	1.40000000	0.30000000	32.60000000	8.40000000
2.00000000	120.00000000	3.40000000	1.80000000	7.50000000	21.50000000
2.00000000	125.00000000	3.70000000	1.10000000	8.50000000	25.90000000
2.00000000	123.00000000	1.90000000	0.30000000	22.80000000	22.20000000
2.00000000	112.00000000	2.60000000	0.70000000	41.00000000	19.00000000
2.00000000	134.00000000	1.90000000	0.60000000	18.40000000	8.20000000
2.00000000	119.00000000	5.10000000	1.10000000	7.00000000	40.80000000
2.00000000	118.00000000	6.50000000	1.30000000	1.70000000	11.50000000
2.00000000	139.00000000	4.20000000	0.70000000	4.30000000	6.30000000
2.00000000	103.00000000	5.10000000	1.40000000	1.20000000	5.00000000
2.00000000	97.00000000	4.70000000	1.10000000	2.10000000	12.60000000
2.00000000	102.00000000	5.30000000	1.40000000	1.30000000	6.70000000
